464 54
2616.709936726874 2615.8324795831304 1676.0580255666193 1246.874327885127
0.1945800018107506 -0.37078685978718506 -0.002801025658997992 0.0009292996938633667
2609.5116166068997 2610.3649587418076 1680.8084770542653 1218.9382458722498
0.20108859583472244 -0.38309486379281565 0.0006441048685946531 0.0007763489463220937
-0.01893956277764492 -0.37453781036623573 -0.3528962699203381 10.363463918841362 -1.9349403460898602 1.2766637351240315
0 -1.532675823242003 -0.8099136343097777 2.0246788625886647 0.6011430977008401 0.5374109713911231 25.53350608928618
1 -1.5317458677011793 -0.8081626179103333 2.0251115903444217 -3.126475210357498 0.044295750153673354 35.39330819119508
2 -1.532329261948119 -0.8083309252447467 2.025737974965242 -3.2108362990332453 -1.4611462329562477 34.02727772315147
3 -1.5326231621875128 -0.8086720382757314 2.025909740146688 -3.294597991967134 -2.9647332012154823 32.665323346181424
4 -1.5331810472890839 -0.8089897558951188 2.02529855102268 -3.378844567910835 -4.468838306336264 31.303466377310357
5 -1.5329877545046497 -0.8090987261017208 2.024792498970163 -3.4611744803954947 -5.972855072334494 29.940627944483147
6 -1.533043810567441 -0.8080162883648121 2.025585586865443 -3.5447177343684664 -7.476596860857074 28.57977591765967
7 -1.5330197259651703 -0.8088369358536204 2.025113233286366 -3.629816575049246 -8.982192050225127 27.218060905883394
8 -1.531789244831747 -0.8085695514110338 2.025091163680523 -1.1909024365095335 0.38519271162395247 34.891448929010664
9 -1.531943363753117 -0.8087377699961691 2.0255095940609125 -1.2751960132708158 -1.1217092608051955 33.52541755876139
10 -1.5324713671457098 -0.8087568287772384 2.025816122668444 -1.359591175422931 -2.625791356229628 32.1607618914054
11 -1.5331027246392277 -0.8089923918153716 2.0256549610689456 -1.4436516295164477 -4.129882766730991 30.797568592897367
12 -1.5332270956349707 -0.809442955963744 2.024736994692842 -1.5267274671308662 -5.633666297043532 29.433495568320033
13 -1.532792391267882 -0.8091839639596542 2.0244504345065675 -1.6106107331928408 -7.137968629239651 28.069492122517893
14 -1.5333126469736156 -0.8086212279790164 2.0255295984678017 -1.6952219195131393 -8.640295078497324 26.707887513842117
15 -1.5320246142148595 -0.8089994490989115 2.0250158166594696 0.7490846419699779 0.7274196253594667 34.38171963271065
16 -1.5323418612680282 -0.8088953269266439 2.025205855519417 0.665177147385166 -0.7794708904425938 33.016874679892645
17 -1.5327851081680732 -0.8087182586469966 2.0254216133213387 0.5806748527900608 -2.284055091553631 31.653030173321973
18 -1.5333719863429869 -0.8084948495309993 2.0256394069107735 0.49612097397070815 -3.787735394515788 30.290130405949753
19 -1.5332711605177176 -0.8092583019810486 2.0247618884751524 0.41264818221346417 -5.291592378037383 28.924996042049408
20 -1.5325008030108882 -0.8093312606656231 2.024344678612753 0.3283241454180848 -6.796118534037876 27.558995974290415
21 -1.5336018954737496 -0.8084074338084926 2.025980716858276 0.24398322829696048 -8.29772922181031 26.198411571732784
22 -1.5323144826761377 -0.809073067848209 2.0252046593559294 2.6833054895001487 1.068652663552563 33.864725736108184
23 -1.532947804112723 -0.8088558008363412 2.0252415754625175 2.5998162319845957 -0.4370595902714641 32.501915572649594
24 -1.5336583623267486 -0.8085397663911805 2.0250556364476604 2.515281555007163 -1.9416303223675455 31.141524188274214
25 -1.5337724970959206 -0.8082187532860522 2.025290950230463 2.430934464643109 -3.445713278899945 29.778857373669016
26 -1.5327849658131005 -0.8089289739246707 2.024988402858617 2.3481208936387983 -4.950125235091169 28.415979507234507
27 -1.532653419813187 -0.8093942533337841 2.0244718463710005 2.2625286375975397 -6.45437866788955 27.049774581285316
28 -1.5339179191996075 -0.8081435037326962 2.0260520871393877 2.1778555773641655 -7.956158296719079 25.688590651758247
29 -1.5328659413097765 -0.8092165469191382 2.0251375783976253 4.6138324319939406 1.4095617404851197 33.34556778086568
30 -1.5333696822235177 -0.8088751245662871 2.025282576528584 4.53100600921808 -0.09513108324216656 31.98552847030223
31 -1.5334174857017575 -0.8084624979311678 2.0254193573479093 4.448044239029073 -1.5978471208270317 30.62809263421195
32 -1.5330055099629283 -0.8083867732120237 2.0254748356960923 4.364877881272272 -3.1024282895738726 29.268356679154316
33 -1.532671349579938 -0.809118517166642 2.0250095669501444 4.28161573434136 -4.606817447704257 27.90486024757137
34 -1.5331686344910382 -0.809223747613587 2.024723591378764 4.195664041678701 -6.110972608919337 26.539259734715042
35 -1.5332590034858447 -0.8087274580160742 2.025456854496412 4.111192442999182 -7.614247140893131 25.174925906492025
36 -1.5329569882969118 -0.8091225585327273 2.0251403577235045 6.5476758974223275 1.753030844667804 32.83544953501156
37 -1.533500463533817 -0.8090932299277624 2.025233180475276 6.464837242906688 0.2489935390442532 31.47627478753201
38 -1.5332114670522363 -0.8087593537930506 2.0257363386863645 6.38240151988741 -1.2535994812584053 30.116682150181397
39 -1.5333017561925606 -0.8090682306296814 2.0253791865823683 6.298480832384967 -2.7583256886728797 28.754806492872863
40 -1.5337129005454557 -0.8092689795606497 2.0249929867358807 6.215574285802383 -4.261550352903933 27.39204453300536
41 -1.5343708720932099 -0.8085829080821776 2.024994555956974 6.129459360619306 -5.76476490842038 26.026372909008646
42 -1.530196847960671 -0.8099619831889778 2.025807980937653 6.048432530385363 -7.270795512079651 24.656062071249572
43 -1.532959391033832 -0.8089619061162456 2.025171682478427 8.485735176864203 2.0987241943320374 32.33038741171752
44 -1.532566287497391 -0.8087080230513566 2.025664496276587 8.402324339558989 0.5937117050624713 30.966330434947494
45 -1.5325511261411944 -0.809242898799632 2.025064718785074 8.31823121782794 -0.9098409569682405 29.60471916430467
46 -1.5329638083706723 -0.809038076671742 2.024989340797026 8.23390418426522 -2.4138436127546807 28.241757749428988
47 -1.5340086393117691 -0.8085646255112394 2.0249269777558814 8.149304442886168 -3.91588129883487 26.879024654291605
48 -1.537007271740329 -0.8090502627834716 2.024161862844086 8.056350671025706 -5.416658413188617 25.507472153446336
49 -1.52725351201154 -0.811226167603359 2.0253296117517396 7.979615457699408 -6.926246375297306 24.13331746538884
50 -1.5318444379810412 -0.8083152876716143 2.0248032071445947 -3.733580454309257 1.3721517963343912 33.98505635365695
51 -1.5321865215973718 -0.8086340839056712 2.02507892147613 -3.818764412785219 -0.13295401446324526 32.61823950940246
52 -1.532252433827668 -0.8086649032832494 2.025636993867675 -3.902362709973941 -1.6364923448826063 31.255209644937665
53 -1.5329576580373783 -0.8090733989579425 2.0254392878036906 -3.986684165143475 -3.140561330424553 29.892519908590668
54 -1.5332227082250776 -0.8093312099164539 2.024706417792378 -4.069678070433395 -4.644441764829882 28.52950027529864
55 -1.5329310900766226 -0.8087744601182071 2.0248927978613565 -4.153526311170982 -6.148639543083615 27.165736176435953
56 -1.532968600835628 -0.8095573956482122 2.0232397182276602 -4.240306167678521 -7.6548562814534815 25.801218844262074
57 -1.5320812338786127 -0.8083717608729051 2.024911949221377 -1.7998986399038042 1.7142458915330498 33.479280221435474
58 -1.532107704936499 -0.8088456785914919 2.0249846924375268 -1.8848898390240845 0.2079043622910268 32.11280502958055
59 -1.5321560481317154 -0.8087809211028483 2.025494106103458 -1.9687511067107821 -1.2967570488216644 30.748084555839032
60 -1.532915300253951 -0.8090394674877098 2.025699962441893 -2.0530571383017366 -2.8012575229298164 29.384444712275908
61 -1.533276919503781 -0.8093349581625086 2.025106924396325 -2.135844027077921 -4.304697857549514 28.022057786250112
62 -1.5329667317917062 -0.8095580904990661 2.0241062295400605 -2.220288263792912 -5.8093026727882 26.657868012034502
63 -1.532646674931786 -0.8096650200062584 2.023202942581054 -2.3060862641703923 -7.31444987897613 25.292193843969525
64 -1.5320197667010946 -0.8089532085092965 2.024978818527988 0.13955999989256107 2.056321034290984 32.9693242176671
65 -1.5322149627276491 -0.8093843703820566 2.0248899814669135 0.05509944581875035 0.549348160951663 31.603161176327575
66 -1.5326796666851634 -0.809180518224459 2.0250658089739573 -0.029407305917962513 -0.9554389797667531 30.238229109969385
67 -1.5331892863063388 -0.8087703702435751 2.0255780821552247 -0.11343816572978412 -2.4594120753854174 28.874921153323193
68 -1.5336310961387225 -0.8089277257599762 2.0253559027983936 -0.1967438282113116 -3.9626400214439026 27.51287497515026
69 -1.5327777392304007 -0.8094892402488846 2.0244361423652952 -0.2809855866862921 -5.468356545240063 26.148202295419967
70 -1.532347627862439 -0.8097868342670027 2.023567912718008 -0.366871072353156 -6.973036552855568 24.783054297507604
71 -1.5319920267702445 -0.8093436334139129 2.0253194971123896 2.0745583438454673 2.3974418730776335 32.452966674363715
72 -1.532605964511774 -0.8096858158866701 2.024851745346347 1.9909570564496237 0.8912633426088729 31.08944019537416
73 -1.5332391765266284 -0.8091927788598049 2.024821518369851 1.9066236012784403 -0.6126197228874659 29.72708443160891
74 -1.5337613423328693 -0.8085794181825933 2.0250662736173295 1.8224845283109723 -2.1168836332067316 28.365719245957916
75 -1.5333060523232158 -0.8085619316912019 2.025179829078326 1.7396701169281785 -3.6205727332682662 27.00382395191204
76 -1.532261995476562 -0.8093689877304739 2.0244358018541977 1.6550814918953656 -5.126135407964778 25.63936402886297
77 -1.5317407335241666 -0.8093504677515151 2.0247869454938865 1.5696870323031575 -6.630065891012868 24.272294043294593
78 -1.532211213656435 -0.8093075234825649 2.025237211048903 4.006255765350314 2.7372198908818524 31.935384850921054
79 -1.5326746032786516 -0.8094904345228555 2.025141995634935 3.9235891978363253 1.2328496208958755 30.574894661706335
80 -1.5331252010764342 -0.809271559987846 2.0250278472814105 3.840450328324901 -0.27041490505433313 29.215758413889443
81 -1.533279008008706 -0.8087286793003083 2.024984861149919 3.7566723410201273 -1.7745380830313708 27.855508348320438
82 -1.5327114195149751 -0.8089561477900954 2.024987891534696 3.6738729717052365 -3.277766351664005 26.49289650318796
83 -1.532195500767276 -0.809421960169912 2.0245701758700694 3.5886757668510167 -4.782906300762753 25.127488562088626
84 -1.5337686270991158 -0.809032670043681 2.0243626360598 3.500632286290591 -6.285733319280543 23.7614033527444
85 -1.5323850938400505 -0.8091388464656843 2.0250756162081642 5.940415849473758 3.0803772423631592 31.424161107318145
86 -1.5327924336049878 -0.8092016550045015 2.025269008295623 5.857133709169272 1.5761671183353523 30.063951160990495
87 -1.5328698766037065 -0.8091306893305639 2.0253959528348133 5.773984690264474 0.0736180621269417 28.70354842559517
88 -1.5324719292429763 -0.8090562262232218 2.0253206636368914 5.69072043301568 -1.4303807803470716 27.341315480864342
89 -1.5327682068428952 -0.8093248384519182 2.0250326428085974 5.607392147194835 -2.9332960262075605 25.9781546022691
90 -1.5332436936143858 -0.8093770645612401 2.024573296029142 5.521896049928881 -4.437310416149102 24.6130382138109
91 -1.5370283763208297 -0.8070824716321116 2.025351514995495 5.433218417300777 -5.936837419504938 23.254406986536356
92 -1.5325718575252205 -0.8089859718579058 2.0250246808676406 7.878403603842534 3.4265392862879493 30.918141562655713
93 -1.5324629732905457 -0.8090832593506492 2.0253251371916425 7.794718751854199 1.9214919399994639 29.554579344146017
94 -1.5328978576195 -0.8092376237710033 2.025416655074908 7.710272280377579 0.41928556967053876 28.192295950095097
95 -1.5330455973896144 -0.8092077019265226 2.025263113060466 7.626066372380239 -1.0845197735364573 26.829183733604705
96 -1.533228054149216 -0.8091934620819441 2.0247701453079268 7.541766314031926 -2.588473463397957 25.464266866862324
97 -1.5350567572955456 -0.8084994976487732 2.024645393172526 7.454292724168506 -4.0906207747907635 24.10079527367284
98 -1.5390479004008744 -0.8056226273495384 2.0261306254429226 7.364222906859317 -5.587862133449318 22.742792050728788
99 -1.5323402402509287 -0.8088399277527154 2.0247372482332016 -4.343713223561382 2.696397046602324 32.57412940503307
100 -1.5325508490938093 -0.8088630446379416 2.0247710394027028 -4.428549878253208 1.1911057360398198 31.20905953919993
101 -1.5325690383403967 -0.8089261652818239 2.025174922861709 -4.512337814174368 -0.3124516600346407 29.845444397886304
102 -1.532618772426945 -0.8091264546979877 2.0253271157263284 -4.5960168264296835 -1.816672236681235 28.482198945461697
103 -1.5333885466759924 -0.8095013711382929 2.024785911343278 -4.679722681554826 -3.3195937204961927 27.11830120270973
104 -1.53340987154202 -0.8092099030684143 2.0245287121371285 -4.763857680851525 -4.824609821411698 25.754729661017706
105 -1.5335050676382984 -0.8090765249621084 2.024273504638298 -4.849279039155646 -6.328788284220347 24.391382442436687
106 -1.5325806988061865 -0.8086109651328577 2.025101292886674 -2.409944714296722 3.0388149023261954 32.06563974445247
107 -1.5324145888072427 -0.8088028911687628 2.0247923795734386 -2.494575567132753 1.532049404381891 30.70121602599642
108 -1.5323986086241348 -0.809222343158143 2.0247775329081916 -2.5790593847934455 0.027253244354426272 29.335594513076398
109 -1.5325670875841475 -0.809036205163141 2.0255335079103256 -2.6626414469527884 -1.476751817797021 27.971614280148618
110 -1.53327009855873 -0.8093340722713026 2.025538466407308 -2.745416535394667 -2.979816933189849 26.60968994419587
111 -1.533240153761166 -0.8095024925793535 2.0248073165336287 -2.8291884965324154 -4.484722160514708 25.246609209303873
112 -1.532765569743173 -0.8089804778436133 2.024636835134859 -2.913751753528461 -5.988952063836247 23.883123103266172
113 -1.5321712511184056 -0.808772175288857 2.02534568141698 -0.4704745625851341 3.3806634329259957 31.55420025159568
114 -1.532022685038417 -0.8094557198244208 2.024919206593241 -0.5545076208643138 1.8743862502204713 30.19014258908866
115 -1.5323751903796239 -0.8095199548061568 2.024863824037099 -0.6391583996073068 0.37016401090255663 28.82438816573074
116 -1.5328799578754604 -0.8091758480054417 2.0252465245410147 -0.7235886708915888 -1.13475768587075 27.459338214870915
117 -1.533692240235059 -0.8090015016946205 2.025529212912154 -0.8067068607773907 -2.6382178896251114 26.097614442460227
118 -1.533436755806977 -0.8090305724687118 2.025199744237184 -0.8902681842997696 -4.142424439465782 24.736071453170876
119 -1.5325968158535934 -0.8096457197158399 2.024083631830637 -0.975188396084153 -5.647915460231659 23.372476696167485
120 -1.5316951533166765 -0.8090128345940769 2.0258777221629165 1.4637608350358615 3.720983284017715 31.039758062446154
121 -1.5318685877514444 -0.8096654832916383 2.0254388001732884 1.380759472845525 2.2155322747831834 29.677439974227422
122 -1.5327285752353246 -0.8098898139711248 2.0249386729625414 1.296307205193037 0.71173643171084 28.314474620739933
123 -1.5332679701417047 -0.8093716824986698 2.0248260989499047 1.2120497733099482 -0.7928206490787437 26.951670619710438
124 -1.5336104555448693 -0.8088880688423895 2.025109715255259 1.1288576188874657 -2.296155510293644 25.590245681763328
125 -1.5328850850188873 -0.8090722247264664 2.024811774184149 1.0449782789033168 -3.8008942968250925 24.227723019897706
126 -1.531995441653415 -0.809529635815258 2.024305100601737 0.9595726276925529 -5.306469175949383 22.86270600133639
127 -1.5321689132337795 -0.8090402995630582 2.0256787256722246 3.3959542245569847 4.06169503736731 30.524620025827627
128 -1.5323715370197157 -0.8096755069706296 2.0253608219890977 3.313007610553865 2.556957705818635 29.1640555937388
129 -1.53304759463435 -0.8095972332931657 2.0253038406786095 3.229750944900962 1.0540189048109307 27.80389409295773
130 -1.5333076005976525 -0.8092481958907572 2.025090621675743 3.1463172062888565 -0.4497585226788209 26.443508615458672
131 -1.53273459931409 -0.8090800721843734 2.0250404353469604 3.0639711310606117 -1.9540050769222055 25.08118350367365
132 -1.5318728499763052 -0.8091757902800347 2.0248663350169362 2.979737161565158 -3.4588810536505505 23.716663242479978
133 -1.5321934054842186 -0.809538428649959 2.0243319633962096 2.892712815325169 -4.963470509812165 22.350283411103725
134 -1.5321636133033454 -0.8090922858580214 2.025246116281495 5.33053852091868 4.4053499932167455 30.013769993900116
135 -1.5323200270943944 -0.809145124781371 2.025421391175722 5.246983246823365 2.9006607197420573 28.651508794738128
136 -1.532585508359227 -0.8091709538826699 2.0256752493534993 5.163389025887887 1.3979084511330468 27.290191929514837
137 -1.5325730076106383 -0.809162757710327 2.025591039155354 5.08031902328747 -0.10605580516103454 25.928559494318097
138 -1.5323680113805764 -0.8093666387772376 2.025369542649704 4.997477704414576 -1.6093046481211926 24.56477693920749
139 -1.5322787613485769 -0.8092542528463079 2.0250850607252735 4.912878993061574 -3.113611220688611 23.200308041288537
140 -1.5338883107664254 -0.808961165644379 2.02463746476623 4.825145720962041 -4.616897756711866 21.836341037587204
141 -1.5320390612908392 -0.809020777588433 2.025237460727775 7.270173867706994 4.752125718191925 29.507020488648926
142 -1.5324635075757662 -0.8096233974548005 2.02492389268515 7.185160034859722 3.2459902031240624 28.143464329861143
143 -1.5323069831452256 -0.8091621788729562 2.0255179964776815 7.100629996366051 1.7430747553823485 26.77790219916844
144 -1.5326964051065128 -0.8093055466266768 2.025360501337292 7.015959893796563 0.23876977853396963 25.414332544226387
145 -1.5329245906678048 -0.8092159670429375 2.0251937838393688 6.932508779802079 -1.2639533267488288 24.050422238701838
146 -1.5337266799775848 -0.8089627445757547 2.024919772496129 6.846240712368512 -2.7671655562538007 22.686267494489833
147 -1.5363087868385887 -0.8079584312959854 2.024674882892058 6.756635273521932 -4.268137475984123 21.324735477385754
148 -1.5318186206163782 -0.8082835113670885 2.025291232993081 -4.950961437933926 4.028438329984248 31.159748891023153
149 -1.5325813085022089 -0.8088454536221209 2.0249999556886835 -5.036066870205789 2.522647701925673 29.796489098896608
150 -1.5328766049756621 -0.8091048241616612 2.02468803877887 -5.12093503221019 1.0188853520086316 28.433579415345346
151 -1.5329215746938865 -0.8090844954932296 2.0248762892797014 -5.2048040554274655 -0.48538699020920206 27.06829098529459
152 -1.5334713717548478 -0.8096050352946166 2.0244940424660447 -5.288361686610354 -1.9888091941954629 25.70358147314359
153 -1.5336577333314219 -0.8095906209258206 2.024259978627971 -5.372728526180631 -3.492269174534864 24.338595257524613
154 -1.5333792355442715 -0.808506531750456 2.0248871530877666 -5.456826636833707 -4.995487591210904 22.97789235951511
155 -1.532925523445952 -0.8086420259018233 2.025092444486655 -3.017474010035056 4.36901831106852 30.650586324381944
156 -1.5330486375297694 -0.8089379248041019 2.0247456275056046 -3.1023519173122094 2.863545207485918 29.287179204364914
157 -1.53229933154785 -0.8092936643150475 2.024369506519217 -3.18614368887715 1.3583023196486854 27.92323655282627
158 -1.5323511198922972 -0.8092327454641316 2.024805585506529 -3.270434666591556 -0.1458151916270669 26.557717208035285
159 -1.5329991170946906 -0.8093838069800507 2.025060462773277 -3.3533146613140654 -1.6486601986975784 25.194229743498216
160 -1.5333947745493492 -0.8095421159080755 2.0248106007040763 -3.4373458543646582 -3.1532038973218164 23.831046524689135
161 -1.5331832896090227 -0.8094839443001853 2.024064896688896 -3.5224693033000327 -4.65710091713244 22.46783623913991
162 -1.5324517634754464 -0.8084865430480025 2.0255666730460566 -1.0787779543461997 4.711038418462478 30.1378692169563
163 -1.532399635999931 -0.8094110545116603 2.024973700780549 -1.1628255314339082 3.2058144887491005 28.775969513644284
164 -1.532236292856093 -0.8098711960930438 2.0244062414928594 -1.2473813258095905 1.7004720304124512 27.41049904585509
165 -1.532355465968673 -0.8096218917882709 2.0245698356934003 -1.3316980714611721 0.19558302622052304 26.043538788480408
166 -1.5332492692470419 -0.8095381686818839 2.025014688749791 -1.41480046839938 -1.3068757971190172 24.68082917359875
167 -1.5337177457876845 -0.8090273118664375 2.025149266502524 -1.4985889816512654 -2.8104609384298542 23.31948768978954
168 -1.5330049716740017 -0.8094427119552791 2.024178744131455 -1.5832113426782226 -4.315467236702665 21.95822331822015
169 -1.532092849413874 -0.8087404581316587 2.025878301014815 0.8552120653419945 5.051113536448264 29.624355914355466
170 -1.5320138995777846 -0.809408146840872 2.0257432502226904 0.7724102457349278 3.546552198184374 28.263608937052766
171 -1.5323967189842786 -0.8100606150144452 2.0249580003707175 0.6883394632041633 2.0421240320346334 26.901049564543005
172 -1.5328348908218838 -0.8099222556578313 2.0246852352214244 0.6039178866308688 0.5375984712256016 25.536636831466502
173 -1.5334456946518424 -0.8094906672096901 2.0247034750099657 0.5208731426475371 -0.9652416198960418 24.17400132541838
174 -1.5333520549375617 -0.8091827839655614 2.024868799035676 0.4370143055018755 -2.4696683476624672 22.81275196353999
175 -1.5322387793183687 -0.8094412854018248 2.024279108497576 0.35186689909737573 -3.9745851512285375 21.44897020266562
176 -1.5319950219437093 -0.8089371532367953 2.02540879811436 2.7887756604284957 5.3919694084184195 29.111688153160237
177 -1.5324245925762572 -0.8092931716715784 2.025486519738908 2.7054044001233963 3.8875352480977967 27.750427569311686
178 -1.5324795385472998 -0.8095944586918506 2.0256180159764012 2.6224767993245712 2.384424658995911 26.389925284157336
179 -1.5329374033686223 -0.8096297841302261 2.025178540423456 2.5389056497578038 0.8803387448307777 25.029073243389547
180 -1.5328441155426749 -0.809397194290171 2.0250159591296875 2.456558768298501 -0.6230206950314104 23.666894532397507
181 -1.5320830228934952 -0.8091072550269582 2.0249357577752796 2.372677266573847 -2.1276512900651676 22.30251924977123
182 -1.5316881312559076 -0.8094054096336667 2.0242230737824203 2.286392377726295 -3.6324212618695175 20.937049500311367
183 -1.5320016016337648 -0.8089853845402458 2.025096400793265 4.724992798292526 5.736559577960611 28.603089916416085
184 -1.5325213872763483 -0.8094418910897259 2.025045912115689 4.640306976345495 4.230985710649275 27.239516778582907
185 -1.5325169627844208 -0.8093542867679717 2.025339513433834 4.556237822806264 2.7276095622611174 25.876471664892854
186 -1.5325898478773512 -0.8093821770712442 2.0254132984278614 4.472518566305642 1.2236391095511001 24.51347769025896
187 -1.5323383950518215 -0.8092976498583782 2.0254060074307985 4.389942782533492 -0.27946125406037386 23.149607147785606
188 -1.5322235999348344 -0.8092719359213032 2.025137932646621 4.305515496588255 -1.7832913506510721 21.785228845303873
189 -1.5325477541943724 -0.8091562565954039 2.0246221883605147 4.219410348259769 -3.2870891749614564 20.42183219556323
190 -1.5320641790379836 -0.8100482602206466 2.0247400429041402 6.664973827480808 6.083758403674456 28.100792497158665
191 -1.532154558074319 -0.8097152501336943 2.0248644363209727 6.579660754683719 4.576877386802737 26.732617606426608
192 -1.5323227098493808 -0.810000783490705 2.024762842588193 6.494623442933597 3.0724033296331097 25.367599289242953
193 -1.532223353085617 -0.8095133861557184 2.0251753846216607 6.409636310906448 1.56819334073037 24.000476932920147
194 -1.5327111383840737 -0.8096783518647205 2.0248936505150024 6.325577604455863 0.06525150848212309 22.636260087542603
195 -1.5333041759622912 -0.8093798510454256 2.024656868333223 6.24016362479667 -1.438833177378075 21.27322054938177
196 -1.5343638319728283 -0.8089323806786483 2.0243560436172667 6.152158596781915 -2.9410753030120445 19.909194857770775
197 -1.5315946487822119 -0.8095942669615689 2.024788617515491 -5.55996784007482 5.352890139664966 29.751629647781105
198 -1.5326001390973678 -0.8089743225126941 2.025306601058367 -5.644358404575601 3.849111500066254 28.38348724068699
199 -1.5335018622600605 -0.809339519608586 2.0248044351188264 -5.729831771323384 2.344994957979648 27.019778276500492
200 -1.533449780071874 -0.8094105641865464 2.0245389948791557 -5.813844463727042 0.8402571323941066 25.655677566536788
201 -1.5340177425900632 -0.8095546607911334 2.0244367705129074 -5.897405066898327 -0.6627726777288734 24.2898377553928
202 -1.533886238058381 -0.8096029201569314 2.0242603511041812 -5.981182222113383 -2.1663399322126744 22.924906488713578
203 -1.5336743538724456 -0.8087903300395883 2.024600140690222 -6.06550405660683 -3.6693989576692405 21.56308009503229
204 -1.53281282699 -0.8098062757695199 2.0249356713500197 -3.6262767897723305 5.693601575047333 29.2383762704181
205 -1.5332071406039307 -0.8088847777496602 2.0254009573822302 -3.70997633705906 4.190055410598205 27.872525081914453
206 -1.5337416228065377 -0.8092984458060715 2.024611879460784 -3.7949652195814374 2.6855506442582273 26.51044417459412
207 -1.532971973003539 -0.8094121735724351 2.0242811215742393 -3.8784506915200105 1.1801345367968819 25.1459296590469
208 -1.5328783923697495 -0.8095099233976242 2.024643947415669 -3.960894918023611 -0.3225525496604462 23.781880614947568
209 -1.5333783894752395 -0.8094283063022936 2.0246996306352925 -4.0451987615142615 -1.8265529394153786 22.417585761111685
210 -1.533588334135534 -0.8095842906488359 2.0240941814932465 -4.130906968440258 -3.3304592807161546 21.054251673293898
211 -1.5327524534746617 -0.8086086166401381 2.0257123780229387 -1.6885938105185578 6.03620156294361 28.72349199346576
212 -1.53292315454421 -0.8090986328168038 2.025476908963955 -1.7721884583647831 4.531510853892949 27.361326667819863
213 -1.532819104614915 -0.8095873510478331 2.0248534759818058 -1.8564614612233672 3.027136843980906 25.998926800937337
214 -1.5323967834722443 -0.809949358627158 2.0243422952614676 -1.9405873602577413 1.5216694636598609 24.633441693483757
215 -1.5327452056912063 -0.8096972010510914 2.0245925161257627 -2.023547555832413 0.01872071563106179 23.268765444134278
216 -1.5334235483581753 -0.809447942415551 2.0247253993388585 -2.107682838262144 -1.484434023148349 21.906668337704392
217 -1.5335948076065133 -0.8094047086280826 2.024325042784879 -2.1930795280584987 -2.988503808391664 20.546140275444497
218 -1.5324576746468204 -0.8086501980469234 2.0255962060729416 0.24534990904651421 6.37658213205166 28.21104225406475
219 -1.532568559688858 -0.8089920027331451 2.0258000235994236 0.1621367247904031 4.872345941088537 26.849669767013605
220 -1.5324982384157775 -0.8094861939432622 2.0255409885326934 0.07885462161763473 3.36857579463684 25.48825211409255
221 -1.5326165167874326 -0.8099659391422142 2.0249649721408516 -0.005191246224541698 1.8638976972592987 24.12537150714395
222 -1.5330548959876331 -0.8099824045035329 2.02467779605094 -0.08859155749865477 0.360154633361127 22.761837181714668
223 -1.533208781500996 -0.8094048178691208 2.024956527622842 -0.17254968513744723 -1.1431524940927833 21.400056030928823
224 -1.5327358925144483 -0.8093628616362342 2.0246120054470236 -0.25743353634421423 -2.64800621102505 20.037674279105143
225 -1.5325142139029884 -0.809242201890486 2.024808615100927 2.1798171524961023 6.7180999644832236 27.700538811850162
226 -1.5325856134125715 -0.809223241044957 2.0253276904454265 2.096408893042654 5.213336008939241 26.338411701174465
227 -1.5325659086518015 -0.8092655215411061 2.025766259996798 2.01335533125761 3.7104676516367467 24.97682821002306
228 -1.532664553829756 -0.8095049135517821 2.0256791027415977 1.9303132114935004 2.2067974680197686 23.615816625033958
229 -1.53278439128296 -0.8094641993588807 2.0254938009072463 1.8478183525443235 0.7033366873034601 22.253196014273414
230 -1.5323251478089874 -0.8092878754024929 2.025156959219384 1.7640874550667243 -0.801348867026781 20.88991501832657
231 -1.5317211371854278 -0.8091407048110328 2.0247357465063462 1.6786465742161325 -2.306090270176392 19.524527296794304
232 -1.5328724989885287 -0.8077192749900831 2.026017601451741 4.116482162434192 7.066084791298065 27.186950127847933
233 -1.5322782835597102 -0.8100013548723667 2.024623479417548 4.033444666948722 5.557804900595406 25.83055801660505
234 -1.5322033517732703 -0.809145853033736 2.0255733908921947 3.9491898854698575 4.054256507975607 24.46464132206782
235 -1.5325015176626289 -0.8096840816596091 2.025194633246553 3.8644810918428933 2.5496946431663763 23.101012672872727
236 -1.5324952051820895 -0.8097443661645363 2.0251745618654593 3.7814865591060234 1.0464518626428025 21.7364874539827
237 -1.5324968578757108 -0.809537989945383 2.0249099921397082 3.697121594017777 -0.4573256184570488 20.372277386911374
238 -1.5323771497776095 -0.8090663181586396 2.024758728092422 3.6116769936973365 -1.9613851754204965 19.008405272144035
239 -1.5334903868311371 -0.8081871084170188 2.0262977091334045 6.0543057685345065 7.413730642173968 26.682734224776627
240 -1.5316690143802683 -0.809957213510237 2.025407007235424 5.97323286987606 5.905442801527381 25.32540107896543
241 -1.5316786545294148 -0.8098318487418986 2.0250961377810195 5.887414230028639 4.399592363757035 23.957284061470887
242 -1.5316593316350198 -0.8099151194801685 2.0250043357459133 5.802203523611276 2.8940613564207447 22.591152156038344
243 -1.5325750413991803 -0.8097799132085302 2.025028303647106 5.7174950783336085 1.3911684599174445 21.225191289139698
244 -1.5328353513762725 -0.8096496477957102 2.0246730664286527 5.631920795999765 -0.11351509185414951 19.860733408447203
245 -1.5328410199492304 -0.8090859662290631 2.0246606757306247 5.54488352985118 -1.6169539735401233 18.494364891397744
246 -1.528800921419141 -0.8070553202545628 2.0248160244453772 -6.162744061736002 6.683517896334174 28.3370050442722
247 -1.5321152556533018 -0.8094642634205688 2.0248298110803766 -6.252831317679306 5.178660509117202 26.97264784822774
248 -1.5328946312806384 -0.8094300011708635 2.0249414445961285 -6.337626130326282 3.6750865641763517 25.605476939676254
249 -1.5335535074787985 -0.8096693575458387 2.0244757558482545 -6.422499067090135 2.1707554487018914 24.241209410288
250 -1.534105458922085 -0.8098916160499732 2.024126611799534 -6.505518883209513 0.667741245983632 22.876220759808543
251 -1.5340743639412262 -0.809485129409669 2.02428501371201 -6.589066636076379 -0.835608290182021 21.511171881548965
252 -1.5337172030568238 -0.8088537570508189 2.0244583756719985 -6.673026398164696 -2.3381021182696267 20.148024683208916
253 -1.5328265493571083 -0.8091790364456528 2.0252272959227686 -4.235455403417806 7.024944998696858 27.825087677211467
254 -1.5330208966741714 -0.8094993221487455 2.025356208646187 -4.319713185847264 5.5184671763230035 26.460296840012937
255 -1.53354895857931 -0.8092482350480329 2.0253362995795157 -4.403938427039504 4.0155643136011046 25.096314120050806
256 -1.5340842905024956 -0.8094318841081712 2.0248140398907544 -4.488711695719899 2.5114514004508384 23.73376103258351
257 -1.5337722309171726 -0.8097308556505101 2.0243227024330923 -4.57101735236429 1.0068544360654472 22.369777872263974
258 -1.5339844906684834 -0.8097133432898945 2.0241544282788015 -4.6552949878564 -0.49649318101866613 21.005591835503658
259 -1.533969523515004 -0.8086942442214429 2.0247852121732635 -4.739671030968639 -1.998568152655542 19.6408721937581
260 -1.5330000176873848 -0.8083214748144286 2.025965258077591 -2.298238013496811 7.365761812247487 27.307919266887602
261 -1.5331480595925298 -0.8092352499597866 2.0253907396751396 -2.382057248613999 5.859627450546231 25.94778790703084
262 -1.5334250147555355 -0.8091821785408337 2.0254773539103796 -2.4658853003322183 4.357010155624042 24.585915449894735
263 -1.5332051143373664 -0.8095080343257147 2.0249917354910805 -2.54974177698307 2.8526994588939987 23.223133509453387
264 -1.5329825237608738 -0.810177894965292 2.0240957579694863 -2.6325085704018454 1.3480101409277168 21.859585194939218
265 -1.53294002974001 -0.8098038635657426 2.0244104148740205 -2.7163808649377823 -0.1553915876564773 20.496658538531864
266 -1.5332473637693764 -0.8097849841150035 2.0243880014354056 -2.8018913038691933 -1.6585603917831544 19.136222009815263
267 -1.5332436341041464 -0.8076016924175659 2.026349615581179 -0.36450969426542845 7.70790638309855 26.79585893616041
268 -1.5330390332404669 -0.8087639595941275 2.0258739389625564 -0.44820810447681075 6.201484456912257 25.436885684490065
269 -1.5330262149640883 -0.8091467123752687 2.0256722893609687 -0.5319340360128324 4.698213006148692 24.075593147008988
270 -1.532933091399563 -0.8094381158946728 2.02544703029685 -0.6153355012822611 3.1942696080434687 22.713808167132807
271 -1.5327072384399723 -0.8097554703745348 2.025049750473139 -0.6978123559806532 1.6909281766181383 21.351631270191852
272 -1.5327779494264024 -0.8096423551461447 2.0248083828694314 -0.7822374295178699 0.18696779441778036 19.989114484037035
273 -1.5324289096073662 -0.8094206974929314 2.0248431560876634 -0.8670623934198323 -1.3165316398828693 18.6273877345673
274 -1.5333418474269453 -0.8070484523703049 2.026563995972566 1.5710677854263626 8.051633767042427 26.28495801003841
275 -1.5328677420032668 -0.8075702932317077 2.0264378412341766 1.4875752511867362 6.545108562553835 24.92273357364056
276 -1.5327723621541836 -0.8096203619370683 2.025203979314868 1.4031015312163322 5.039777856444372 23.565864928949434
277 -1.5327295400444974 -0.8096341353563845 2.025446581484048 1.319837796058815 3.5361204454232955 22.203366888552683
278 -1.5327156030381512 -0.8097444162131248 2.025447020599737 1.2376850146813254 2.0337514195741924 20.840594492673848
279 -1.532463009310242 -0.8094091873979072 2.0252418900838087 1.1535540239622522 0.529598508372578 19.476644675936022
280 -1.5317479327092363 -0.8091622252385389 2.024975931962252 1.0687697768641684 -0.9744488102402593 18.11222663625474
281 -1.53388618990748 -0.807281545597948 2.026803479644781 3.507641908590148 8.398934288899154 25.77865077278123
282 -1.5334373354475088 -0.8076653131170055 2.02636792202932 3.4232743892772293 6.890559744433636 24.413773019662933
283 -1.5320155222839715 -0.8092312038028713 2.0255084375372703 3.3402569315147304 5.384673175661594 23.055455550120477
284 -1.5323234304791198 -0.8103056733305232 2.024603857237829 3.254868575066265 3.878989340492184 21.691984223553085
285 -1.532069179331049 -0.809927110325307 2.0251066303782803 3.171826136832192 2.375916127667458 20.325648254260773
286 -1.5322997840236274 -0.8101320460196021 2.0246059748877734 3.0867297829038134 0.8721600045106388 18.961219582154058
287 -1.5323850733000584 -0.8096038349615153 2.024324330865624 3.000715385060371 -0.6312082708511758 17.596951864666785
288 -1.5336231085291676 -0.8074777195324753 2.0271301563255064 5.446302408105161 8.745405495638982 25.272080421233245
289 -1.5336956336871617 -0.8081714180870175 2.026873739723001 5.361605526293644 7.238607943774896 23.90839371152252
290 -1.5312080333971851 -0.8095402610135831 2.026042780331713 5.280084145681382 5.731827608608441 22.549491007354522
291 -1.5318163731015235 -0.8105033441141174 2.024598820163246 5.193405872059557 4.224689199074428 21.183369837503133
292 -1.531693186942075 -0.8099306202268549 2.024967889803489 5.109220859122882 2.721190280085611 19.815913244348707
293 -1.5320150041842944 -0.8099083452302955 2.024675290201932 5.023019546137581 1.2169362454534858 18.449744561031014
294 -1.5313238660621182 -0.8090282812979214 2.0249662988366453 4.936178907161505 -0.28730225706520884 17.08140959708863
295 -1.533937432826857 -0.8095882525306155 2.0256838221651683 -6.7849031597292635 8.01304188215704 26.915430295023597
296 -1.5345776921772414 -0.8095385393653748 2.0255270351132304 -6.869388062360316 6.508823649876332 25.552508986431405
297 -1.5332776711981244 -0.8097741182496693 2.0244714000523416 -6.952129747037187 5.003697959815278 24.19241335990298
298 -1.5328649603766928 -0.8099478999492057 2.0244225454744837 -7.035311676455652 3.498560872946138 22.826284561384497
299 -1.5333380536199477 -0.8100334150619285 2.024380483437249 -7.118254610135073 1.996234545151523 21.461976414625315
300 -1.5333638460630268 -0.8099645215425172 2.024361283109685 -7.2017704441530555 0.4935253524033541 20.098112018680915
301 -1.5339945633626724 -0.8083654018904717 2.024737414323135 -7.286148686622643 -1.0089451297607466 18.736092413170542
302 -1.5335556902962864 -0.8090209263509327 2.025654033711808 -4.8493279755532726 8.35368103765203 26.406233830841387
303 -1.5334336298739568 -0.8092688799142976 2.0252910680673812 -4.932625536640885 6.848292417955875 25.044705502315924
304 -1.5334839995722396 -0.8093436072989244 2.025408014942596 -5.016692501637871 5.344378545544149 23.681464515807836
305 -1.5337247897748876 -0.8094226716327722 2.0254038111223376 -5.100870973425691 3.840188502628379 22.317906069735592
306 -1.5342699360075096 -0.8096221850809926 2.0250996679212743 -5.1842192832116405 2.3371597874352146 20.954590815027206
307 -1.534332584788296 -0.809464553310519 2.0246027690864956 -5.268142222237536 0.8332173797947011 19.591873739369912
308 -1.5350315045566048 -0.8092200674930466 2.024067448135317 -5.353285681408072 -0.6704516251487556 18.225236042940477
309 -1.5327572408514099 -0.8095529170660581 2.025171567772103 -2.911486752916561 8.694190546642556 25.897425486862815
310 -1.5335750374870722 -0.8078957269068751 2.0264914903318765 -2.9947743989413467 7.191346535066461 24.53148951323371
311 -1.5337911448152608 -0.808690746806267 2.025998019726313 -3.0789213818899013 5.686294593053413 23.17021754397502
312 -1.5339006587144215 -0.8094700702316594 2.025458100609399 -3.163310006851174 4.181610076222322 21.80932048260766
313 -1.5341757681815302 -0.8095745610884215 2.0251814581335337 -3.246166990508969 2.679233840468114 20.4472757721479
314 -1.5336573244765936 -0.8098160932265966 2.0245682720607077 -3.3298480524298575 1.1738624615381823 19.085541394643066
315 -1.5336129382286126 -0.8097662164863499 2.024285802293069 -3.4153318073235033 -0.32923320003500595 17.724843536955902
316 -1.5329434431844375 -0.8096629821561555 2.0248946460435335 -0.9773053418752913 9.036159262046654 25.388591569550584
317 -1.5337087878669446 -0.8074101438867959 2.026858573852661 -1.0605611013130338 7.533609529397895 24.020547159564114
318 -1.533657016758073 -0.8081914500080464 2.0263543480940465 -1.1446451770663928 6.028125999750926 22.659056820400963
319 -1.5333684948586461 -0.8096170681312918 2.0253260187735416 -1.2288376145638464 4.522565939110698 21.300645007802544
320 -1.533670899446192 -0.8096086338444005 2.0251885771671168 -1.3118829388133406 3.0205024782949748 19.93863408062502
321 -1.5330861113201646 -0.8092552198863294 2.0251215254179438 -1.3949732022889483 1.5163207911489947 18.57713519573492
322 -1.5324524389823706 -0.8090364540497688 2.025203193003388 -1.4795242697013187 0.0131626276567039 17.215925351831405
323 -1.532971542802297 -0.8101097294606288 2.0246382472580398 0.9586597926882453 9.379538955789279 24.881449206915686
324 -1.5340113843660859 -0.8075680031918261 2.0264081337968536 0.8746599410228406 7.876523316079242 23.511470435179326
325 -1.532775349978315 -0.808396286878892 2.0265643055587685 0.7916569929263488 6.37108155502422 22.15252210520469
326 -1.5327383171399491 -0.8100278268104237 2.0249999172012383 0.7066600333560275 4.864279113197444 20.79053345939486
327 -1.5329281494679428 -0.8101754947943279 2.0251066178682504 0.6237554337835607 3.3622313152354457 19.427455876640302
328 -1.5327044147535127 -0.8099540890281574 2.0249445562251402 0.5400332234744816 1.8578276020492466 18.06382443445627
329 -1.5321942189004136 -0.8096022303196017 2.0247610165514165 0.4551668913745507 0.3547866542334676 16.700031884497882
330 -1.5326393459126322 -0.8081045056198434 2.0257124055777105 2.898871325846757 9.727182575054867 24.373254908591907
331 -1.5328235585718906 -0.81034246846124 2.0245704448901356 2.812186979212653 8.218872789177972 23.009542753358954
332 -1.53391341648822 -0.8081180027299582 2.026431755826455 2.726702611992161 6.716573905686176 21.63911279787108
333 -1.5320560026251346 -0.8091021144488685 2.0260522748984617 2.64398670200182 5.2104052038793185 20.279347174817413
334 -1.5321717635843284 -0.8107492521870909 2.024302672462357 2.5592256985670025 3.704446764972743 18.916315169257548
335 -1.5317975044158878 -0.8104980329353549 2.02445905953675 2.474718069834331 2.2000754472744704 17.550782326457337
336 -1.5319243026959493 -0.8095778049065115 2.024830761594787 2.3884076019723848 0.6981855430057691 16.186077686382827
338 -1.531463508514643 -0.8084554642224026 2.0247617585436086 4.753081547000236 8.564753143619953 22.50022399068129
339 -1.5331481037716026 -0.8087598852500736 2.0262452192198137 4.664372053781278 7.061811381149712 21.131953578984483
340 -1.5319631203883157 -0.8098556060349001 2.0256579156322507 4.580133582306391 5.554511206523489 19.76821476886787
341 -1.5318978980331526 -0.810232811177182 2.0252573071014073 4.496362994115316 4.051116006731086 18.40516754469353
342 -1.532530813132362 -0.8093860177356706 2.0250175738170095 4.409108028493675 2.545007675714634 17.035661838441655
343 -1.5317022169122598 -0.8084237127817818 2.025810768093696 4.3238225944166615 1.0419100819231495 15.672977615274805
344 -1.5328858997972667 -0.8099440755493545 2.0246776367066257 0.6027182649979272 0.5379933636043914 25.535481350989265
345 -1.4327813288114806 -0.8485688756620041 2.1172987581121756 0.6284254103721753 0.5334467750282483 25.53872721121241
346 -1.3278529451343046 -0.8857933088131005 2.2062032272237513 0.6554798068961258 0.530896746562774 25.539849081956433
347 -1.217862562474244 -0.9214228064936911 2.2909879599248275 0.6824755460184534 0.5301718638256231 25.539078677192148
348 -1.1040293037473674 -0.9558402328022174 2.371453621216189 0.7080514754380045 0.5309737587715566 25.535147384903492
349 -0.9847959582124641 -0.987753566668047 2.4478562194655855 0.7337411718836613 0.5343077884698675 25.529681443179406
350 -0.8614565899533336 -1.0185273526679224 2.5192092500025516 0.7598410269271628 0.5387080512394673 25.52452182240134
351 -0.7325384435161026 -1.0471906441920615 2.5854489994402257 0.785138243160939 0.5448656618592654 25.51566564550098
352 -0.6001120840117979 -1.0734948604070953 2.646761170464171 0.8085706212972613 0.5533355920114631 25.505235539774226
353 -0.46291298298631545 -1.0968927717743289 2.7027559637824514 0.8307168389926608 0.5640345445130223 25.492490730884974
354 -0.3219718434827263 -1.1193490475579342 2.752465079471125 0.8508621768677086 0.5748755649995932 25.480030604238888
355 -0.17718254236845318 -1.1386137197085366 2.796505334192185 0.8685911016749386 0.5880480030238432 25.465072087325602
356 -0.02892727596233796 -1.1561469920535847 2.833858673697801 0.8847319338567389 0.601616123795074 25.447865043586717
357 0.12292813551142537 -1.1706046577916063 2.8645492188596555 0.8981762764464813 0.6168113445723885 25.429576771500496
358 -0.27938951599913475 1.187959125177359 -2.9037468602391647 0.9094999960374915 0.6334047698486585 25.411163700680596
359 -0.42833714918512783 1.168877947378747 -2.85381113581446 0.9178481407596323 0.6507864020994986 25.391329553986814
360 -0.572298739939878 1.1473343318149418 -2.797345883919559 0.9235225042535886 0.6685350210345492 25.371534290653372
361 -0.7118091234826757 1.1232157187358365 -2.734940222980751 0.9262964299604377 0.6868293778426005 25.351900642911698
362 -0.8461755122570792 1.0966102874515773 -2.667006490847509 0.9262598346870445 0.705064059812896 25.331948277361022
363 -0.975458114220486 1.0676431624794822 -2.5936043330154943 0.9221901990909102 0.7233151188703015 25.31120766791254
364 -1.1005597835486753 1.036864455539642 -2.515121168870086 0.9173212366329102 0.7415362623529378 25.291934576824545
365 -1.2203203975565518 1.0041627002827314 -2.4314922425436314 0.9092295930110667 0.758757077207527 25.273324817512353
366 -1.3341943901653974 0.9693333126268462 -2.343810795354609 0.8982876168377525 0.7759691823131276 25.255138117180003
367 -1.4428425178203745 0.9328803145024767 -2.2518280898958385 0.8842322663518238 0.792305700822498 25.237998217497513
368 -1.5456416794735854 0.894882507925725 -2.156029934890226 0.8681528131341982 0.8075000990497684 25.223314753449834
369 -1.6427300974765164 0.8551754954335722 -2.05666919875013 0.8493676374782344 0.821433579439269 25.211095874831493
370 -1.735922184643 0.8139715997431374 -1.9537407353394804 0.830199906970476 0.8347695700458446 25.197032623543834
371 -1.8224069362907427 0.7720040179115907 -1.8477364559763794 0.8081274694514905 0.8460516911613063 25.18520021222712
372 -1.902805468237302 0.7286369919673108 -1.7391961098793398 0.7849198722875221 0.8560104099290381 25.175596115596136
373 -1.9774540198562625 0.6839011549653216 -1.6284322930232968 0.7592783198941959 0.8641200439937818 25.16829294232152
374 -2.0463149049636797 0.6382306537922293 -1.5152065944765858 0.7334422798853925 0.8706033333645081 25.162765782341527
375 -2.1098656057510747 0.591616507761327 -1.399769884562833 0.7063557152190949 0.8753248395200621 25.159432850625358
376 -2.1676617557361677 0.5440850996383657 -1.2825345423185368 0.6793778025199504 0.8782460915326534 25.158220387920217
377 -2.2197871701114242 0.49613734451836994 -1.1632964035975264 0.6519998230998385 0.8789458772201627 25.159286404842394
378 -2.265009932894679 0.44602380785859363 -1.044448190664129 0.6213516515133364 0.8773105392042629 25.159981652820278
379 -2.3070647118915644 0.3982251638841968 -0.9207655725003526 0.5978322363642806 0.8744391046026702 25.16621140708926
380 -2.3420806192020076 0.34801776336050777 -0.7979750470743944 0.5718119552466273 0.8692065654652301 25.17339295383444
381 -2.3713037731118747 0.29791704066044167 -0.6742814444830324 0.5468304614056585 0.8622956437438316 25.183296944560322
382 -2.3952378922264534 0.2473907959470468 -0.5495836483025917 0.5238241841258174 0.8537840083508961 25.19430616204831
383 -2.4136304356237384 0.19655705680322175 -0.42420577269176934 0.5020138792444496 0.8436619826275034 25.207661410033438
384 -2.4258382847814346 0.14518653622447691 -0.29920388506507456 0.48163945915427203 0.8311286414441145 25.2228290340357
385 -2.4331340196981164 0.0941507417440756 -0.17302737909228746 0.4637766084997014 0.8181093462687721 25.238208830146785
386 -2.43512856925683 0.0431251855793436 -0.04681112615329766 0.44891075944059594 0.8043864954632484 25.254734558541475
387 -2.431095243829952 -0.008146923856305766 0.07877223192956595 0.43497731137273243 0.7888939706207703 25.272487400247453
388 -2.4215453108007776 -0.059085163799135434 0.20454640738891194 0.4244743580272793 0.7725777238140127 25.290540089347324
389 -2.406606935517887 -0.11019382537677523 0.32921732368216144 0.4159072166984782 0.7555881687562744 25.309858295648485
390 -2.3861794216430403 -0.16105892008816755 0.45358169567732376 0.4109051067989933 0.7381694079096006 25.329334083043705
391 -2.3600105713980595 -0.21149070931082178 0.5768892150519944 0.4081892904499891 0.7201530470561225 25.349404020854973
392 -2.3286508352533053 -0.26184661486003047 0.6990786599642143 0.40820531296363144 0.7019808431321249 25.368663892665662
393 -2.2921296407091516 -0.3117115020727313 0.8207950446977472 0.4108656115106767 0.6845445326884457 25.387768263353458
394 -2.249542537311251 -0.3607151336270342 0.9408162900441194 0.4177001456006988 0.6665762866372082 25.407736295581277
395 -2.2019127456458123 -0.4097942085881239 1.058862821098079 0.42545600691045316 0.6486692450302403 25.42640937418955
396 -2.1486690160519197 -0.4579177121913098 1.1756073407432848 0.43682700835761945 0.6315929274447292 25.44393315082142
397 -2.0899084307427973 -0.5052933359129222 1.2904599681951165 0.45048436387055835 0.6153824132638156 25.460821324733278
398 -2.025912846290892 -0.5519818545747041 1.4032202454049443 0.4668476968870435 0.600021961958897 25.476009572650877
399 -1.9564862967745076 -0.5971315668437105 1.5143741123617043 0.4858140712172727 0.5862535570946679 25.48991284840151
400 -1.8819314682804553 -0.6420455785579373 1.6226242002903393 0.5065573289001143 0.5735428969890705 25.503547977741192
401 -1.802247536586387 -0.6861442722988523 1.7271362751824486 0.5277538128111979 0.5615793856920328 25.513839061545845
402 -1.71751897777363 -0.728700665598927 1.8294690086492456 0.5515715898572751 0.5518707934363761 25.52301549403364
403 -1.6275813792977043 -0.7699940777955898 1.928759493592532 0.5759976929590799 0.543831824243689 25.530785391702807
404 -1.5326193992705084 -0.8099608653342873 2.0247756496691913 0.6020534733091902 0.5374065237335705 25.53564728594977
405 -1.5588535185701773 -0.8710301331081531 2.0181393725768597 0.6290456218008245 0.538810080207241 25.526587570004484
406 -1.584439086809551 -0.9322955687553678 2.010374841223515 0.6560337959693338 0.5412895567027105 25.51733982292627
407 -1.6093670153152235 -0.9940975816432112 2.0012181318455364 0.6832306113031725 0.5445925269597454 25.509252874972407
408 -1.6340401451208042 -1.0562728568790805 1.9907529557111672 0.7102046470298045 0.549270334805875 25.50203169203122
409 -1.6577482440939886 -1.1187329918761109 1.9789917137165915 0.7376422061155703 0.5548046048901656 25.495105173737006
410 -1.6813061917836112 -1.1816872375932044 1.9655080551636193 0.7647351744526065 0.5617605922872627 25.490726454292226
411 -1.704073856943315 -1.2449741299798673 1.950786167496334 0.7915185145882608 0.5692782261945165 25.486602315907597
412 -1.7245871921024902 -1.3082628518290935 1.9356093698150345 0.8205767918811698 0.5781415222144448 25.482818444741444
413 -1.7472527904640947 -1.3724034724779262 1.9172604389640215 0.8455032262159374 0.5877529213946143 25.480945079241046
414 -1.767982708013202 -1.4363094540512227 1.8984942238957716 0.8716874665973829 0.5988636870295786 25.4801653690353
415 -1.7880651127812024 -1.5009977189389099 1.8775476858111804 0.8973818610042612 0.6101461241049272 25.47983636479032
416 -1.8070943770568786 -1.5658711117704442 1.8555530846520778 0.9229870918142589 0.622953149954379 25.480231485825158
417 -1.8255374113780571 -1.6308171524062642 1.8317652693727913 0.9476908454271213 0.6362703447762457 25.481518261456568
418 -1.843281835250273 -1.6958951480596185 1.8065287131860952 0.9717658701064796 0.6508842257132917 25.484674477124436
419 -1.8599610094636987 -1.7612777936527808 1.779616589547958 0.9955560110565967 0.6659339245605752 25.488432457297556
420 1.86609658497067 1.8170988354951711 -1.7417559563171 1.0184627170016654 0.6817061209589133 25.49299290282928
421 1.844424325454149 1.8457581279873423 -1.678339718340525 1.0405210027048803 0.6982950758414999 25.49907416593939
422 1.8220614812214913 1.872415425020425 -1.6157463669672834 1.061657836446453 0.7162888239970467 25.50605034346186
423 1.7988095912563857 1.8975181629736866 -1.5527789497557334 1.0823206651942645 0.7345118087424463 25.51458127302786
424 1.7750094842064226 1.9211997448384355 -1.4898345999547975 1.101662178335975 0.7528702171609184 25.52330968234958
425 1.7507852639008308 1.9431459654049275 -1.4269469511066053 1.1194220982757805 0.7719149948813281 25.53278260641459
426 1.7257304328423015 1.9634550000195536 -1.3645310622083762 1.1368431385439424 0.7918072522300573 25.544179817081574
427 1.6999731982938364 1.9823754173770227 -1.3025573547231093 1.1537257201215516 0.8121881203803222 25.556609987757223
428 1.6735959348148748 1.9997017954642058 -1.2406176168294827 1.1690753005615953 0.8330959986162336 25.568807056274586
429 1.6467362974864197 2.0154577399379927 -1.179041787217882 1.183046545940486 0.8540749666616456 25.582759110599294
430 1.6195599491017019 2.029870821826071 -1.1178748512584251 1.1953885005922151 0.8749684520273557 25.59685922909996
431 1.591746996134799 2.0428457509256503 -1.0569411774469082 1.2070562590930045 0.8963965273513883 25.61201099268634
432 1.563273929012641 2.0543494855314246 -0.9967065299672886 1.2174252718456384 0.918143434364776 25.627259506447135
433 1.5346893260321648 2.0647431643706837 -0.9365544688213118 1.226384933591848 0.9394550521355496 25.643408628465576
434 1.5053805446570427 2.0734838748401008 -0.8769741255154251 1.2337075023360058 0.9612595346396342 25.660580853816107
435 1.4757360471675092 2.0808500693920453 -0.8174777683184111 1.239332042138695 0.9828671612049683 25.677897164182653
436 1.44556613564923 2.0870728387003292 -0.7587397396398514 1.244502138942245 1.0046072991845538 25.696006407000468
437 1.4150988126337376 2.092040269887418 -0.7001833262102591 1.248177979827349 1.0259944447553506 25.714209709097936
438 1.384336487506707 2.095643842636652 -0.6423721312023105 1.2498460621647194 1.0471011253366285 25.733123069464128
439 1.3531796095234454 2.098172115219623 -0.5848115509011504 1.2505101417728468 1.068022309732051 25.752427041002402
440 1.3216236623389546 2.0992429089155284 -0.5274140135411357 1.2494411374540304 1.0886472213086165 25.772222340604024
441 1.289713353275867 2.0991322752429413 -0.4709035913749413 1.2467292083358463 1.1089804028265826 25.79236278570266
442 1.2576482592399978 2.0978546642988105 -0.4145858023670376 1.2422217061348486 1.1283722897228754 25.812406944995853
443 1.2251677474237748 2.0955402642693284 -0.35879255074089167 1.2369215254995491 1.1477083930645133 25.832664407719463
444 1.192353854300448 2.091863748571181 -0.3032604578190488 1.2299291913258583 1.1665232422679594 25.85335250941118
445 1.1592872394843627 2.0875463040305355 -0.24873830862759203 1.2221840598808917 1.1847244681337068 25.873703013717286
446 1.125995908718939 2.0813145840394114 -0.19425323916631393 1.211621035253673 1.2020253856866767 25.894461774191374
447 1.0927953993087751 2.07562650427129 -0.14069769067254276 1.202321386873396 1.218453352470807 25.913252955934475
448 1.0590444571698554 2.0678430084295742 -0.08716314487238204 1.19060237033977 1.2344113750926338 25.93339648018286
449 1.0250810464741638 2.059016673052795 -0.03465096150284888 1.1776245473455549 1.2499523134588884 25.953327922423284
450 0.9910030112458725 2.0491928574280647 0.017460768345047346 1.1628797522371312 1.2641300691280555 25.97320976361738
451 0.9566387658164078 2.0382669708121672 0.06923100272884368 1.147432864782848 1.277780472175295 25.99321574215812
452 0.9219938474406443 2.026477377485421 0.12033543763357096 1.131366019754496 1.2907492263455675 26.013398758877084
453 0.8874577683961832 2.0136774306374456 0.17102803793524282 1.1135299240624823 1.302298976302061 26.03232566158949
454 0.8527054149772902 1.9998215625742506 0.22082828238501687 1.0945858709838943 1.3131654507174724 26.05172478998572
455 0.8176685991888091 1.9850197413998394 0.2705772620538369 1.074630449025189 1.3227967689048437 26.069471241717064
456 0.7825389491304693 1.9692462626350662 0.31952401177695766 1.053686978010411 1.331203485175188 26.087081421183164
457 0.7471011525058184 1.9525996584125154 0.36791582732727146 1.031840875150285 1.3392909174245984 26.10433858577278
458 0.7123214175703858 1.9355840443878538 0.4156080394972842 1.0104689781465763 1.3454128954921378 26.120304673508073
459 0.6767078162898393 1.9173650015732102 0.4628763975778282 0.9873141144674955 1.3509400610804796 26.13512652446699
460 0.6410278390922275 1.8977356378040289 0.5096936869751385 0.9626081527288655 1.3553172293724614 26.150224971796213
461 0.605226301980047 1.877559751594139 0.5560391215008528 0.9376910407288609 1.3584093225854668 26.163508908547147
462 0.569361730499523 1.8562896057338343 0.6014657336334066 0.9118638417425857 1.360576938002982 26.176765198829216
463 0.5332926081503099 1.8345296021546484 0.6464247561458498 0.8857637319107561 1.3613651093528862 26.187969063873048
464 0.4971415195020096 1.8116623212982745 0.690770248957931 0.8595271844960338 1.3612815710213697 26.199980767672624
0 2.1829487459910406 -1.0740473559804007 0.759950582041752
1 2.1496539568398507 -0.16766565220780136 0.7946014220867895
2 2.1158786700023073 0.7403989505380231 0.8257428814607206
3 2.209776410988927 -1.0394649023186333 -0.14622775643807376
4 2.1761605512401037 -0.13351031747276 -0.11507079486147154
5 2.1422953888335954 0.773653646424759 -0.08319084501800818
6 2.2371974448039684 -1.0053717651343914 -1.056258424933852
7 2.2035086942154254 -0.09980264802852316 -1.0231298166629856
8 2.1689497005679828 0.8071082756881779 -0.991379405702879
9 -0.8706099088912849 1.7814343073611747 0.7688059610870778
10 -0.8537320492635566 1.816548407315112 -0.13846587173856528
11 -0.8354037898825537 1.8535946755455563 -1.0452389032775358
12 0.038434320092499995 1.8126217159252815 0.7858869311789307
13 0.05770758815908763 1.8489144547162573 -0.12250800744785016
14 0.06917997402037135 1.8841352437339376 -1.029386988953492
15 0.947469082675199 1.845216844775094 0.8007937031224639
16 0.963103422496306 1.881105557363666 -0.10434704436922557
17 0.980912263583505 1.9164137710755966 -1.0129271157348292
18 2.0 -0.9 0.9
19 2.0 -0.9 0.9
20 2.0 -0.9 0.9
21 2.0 -0.9 0.9
22 2.0 -0.9 0.9
23 2.0 -0.9 0.9
24 2.0 -0.9 0.9
25 2.0 -0.9 0.9
26 2.0 -0.9 0.9
27 0.9900644782679386 -1.129756256570347 1.8603309547474618
28 0.08505834763363292 -1.16415614923925 1.8318558122805113
29 -0.8235940458932436 -1.1997173857873804 1.806171775093996
30 0.9541134630683908 -0.22257072615065707 1.8968561227490754
31 0.04782613465635419 -0.2582705925378161 1.8681012260572927
32 -0.8595606103172254 -0.2945088733152997 1.8404593331632193
33 0.915142256973631 0.6861578835219792 1.9310932783189854
34 0.008785325395089793 0.6511662700989905 1.9036018975269815
35 -0.8977813653389219 0.6160431788544283 1.874519968964997
36 -1.8895372369117347 0.6847475145591074 -1.153104637969171
37 -1.9166364265364466 0.6554054716450126 -0.24284470648732118
38 -1.9426774092189407 0.6242030902801093 0.6676892178615463
39 -1.8593289630133458 -0.22338378999585043 -1.1804878816305509
40 -1.8821137923516897 -0.253929746323207 -0.27046334685475926
41 -1.9115723149833899 -0.2821146040207522 0.6387927678285825
42 -1.822605065564963 -1.1347085376208454 -1.2061786742507936
43 -1.848531809275339 -1.163496921697643 -0.29699362833529236
44 -1.8735885174200098 -1.194626759445027 0.60941284056307
45 1.1952303189658047 -0.9905151362121603 -2.2023500712254944
46 1.1459046111491968 -0.0865760120885078 -2.1671870287302215
47 1.0962087681248542 0.8185873480484577 -2.1308492555312633
48 0.28707629152792624 -1.037378381086903 -2.2326306883297398
49 0.23771868708999777 -0.13327488965559717 -2.1958981602012586
50 0.18821314356650354 0.7739222189647544 -2.1600963587769173
51 -0.6197816799081924 -1.0838847633133248 -2.2616060031256127
52 -0.6710831536842398 -0.17696968125874454 -2.2270779577516246
53 -0.7185323930449979 0.727926633188609 -2.1899487727222864
