54
2602.8948469741376 2605.438844278069 1686.352945510452 1233.3638849336191
0.1980582212260468 -0.34476138247992744 0.002154904759892748 -0.0007965116834739133
-2.0035876049616235 -0.5175338835347683 1.4180351480994935 -0.32729780794231406 0.719009328530852 24.884026737018953
0.9999318246554393 -0.011023814293633704 -0.0038498778764146577
-0.0029771883805203504 2.9958903657382203e-05 -0.999995567716083
-0.005380157007541861 -0.999971452806095 0.005305420194662584
-2.250563476976612 -0.19406190350848956 0.1215756400613593
-0.9999060795891611 0.01262906175419599 0.005323419938635078
0.017679962446384333 2.6484352965536626 0.07275853128821806
0.011120931526764891 0.9999310973091539 -0.003758392753364999
0 1.9153727247835537 -0.8019476877136053 0.9221302987664455
1 1.9159176174451729 0.09257175768453345 0.9238134313508296
2 1.9156931631210508 0.9878883332226307 0.920439525510406
3 1.9069878577969557 -0.802449697064525 0.02901760778151622
4 1.9076041320248889 0.09159684074544246 0.02577233466583857
5 1.9069418486098901 0.9870687076383433 0.024587605470928406
6 1.899682952226636 -0.8036293458783932 -0.8698103796890914
7 1.8989674789215751 0.08998905082734823 -0.8690509660744804
8 1.8982283424400996 0.9850248406331822 -0.8723249987777267
9 -0.9861192666039832 2.1181686156868182 0.9415060808168093
10 -1.0036288587034359 2.11853541601544 0.046601264522390926
11 -1.0202661634826153 2.1214206628582035 -0.8472709540895583
12 -0.09061862070799319 2.115941581936852 0.9212708257411965
13 -0.10615575415550003 2.1182430829527217 0.026147074336374868
14 -0.12925342935299863 2.1190518734250654 -0.8683969874555245
15 0.8043428447068677 2.115789067557296 0.9000717276331833
16 0.7855862055981874 2.117088919194601 0.007458211240476222
17 0.769027637615669 2.118702593470612 -0.8883237686096244
18 2.0 -0.9 0.9
19 2.0 -0.9 0.9
20 2.0 -0.9 0.9
21 2.0 -0.9 0.9
22 2.0 -0.9 0.9
23 2.0 -0.9 0.9
24 2.0 -0.9 0.9
25 2.0 -0.9 0.9
26 2.0 -0.9 0.9
27 0.7838860579589795 -0.7727953530035976 2.0535541368028825
28 -0.1096366896300571 -0.7761708681214281 2.0616739587540565
29 -1.0048741966821844 -0.7790538030772846 2.072166013761048
30 0.7827832817959058 0.12228611833765503 2.0570954357779443
31 -0.11139768149243333 0.11884171525082468 2.0644902781897487
32 -1.005315308241652 0.11301400523545498 2.075111721987167
33 0.7782630915154333 1.0204173429936951 2.058429260042552
34 -0.11624932616392487 1.0169141983562788 2.06707437905645
35 -1.010361366209599 1.013511203773044 2.073980172786958
36 -2.104416811869721 1.0103347284650308 -0.8698008662614206
37 -2.092122490190608 1.0098729245249098 0.03025269559832034
38 -2.0845325919136104 1.0163609486258969 0.9262141507259449
39 -2.107482406376512 0.1141720912212815 -0.8625133788946944
40 -2.0974122847741823 0.11960733362003141 0.03397094625208094
41 -2.0982716159159867 0.1327114576779505 0.9288567972400574
42 -2.1078796350554647 -0.783032131197401 -0.8560359998406158
43 -2.1009412531385054 -0.7750558968087742 0.04046809821928509
44 -2.0882951724688392 -0.7757560912433497 0.9355689726419177
45 0.8290601298798769 -0.7912033035370203 -1.9569346243645485
46 0.814924902979176 0.09953289047738545 -1.9537780353248968
47 0.7973092591919747 0.996411665299003 -1.9523348632864692
48 -0.06711374899319454 -0.8061956059005776 -1.9499320437227312
49 -0.08312548142419988 0.08850323254306801 -1.9477994032242627
50 -0.09794567264011227 0.9845741906678559 -1.9446536191830506
51 -0.9618299107910522 -0.8146123585724363 -1.9467425367303224
52 -0.9791198448318004 0.07256710381304138 -1.9368063930307684
53 -0.9944845772615464 0.9698646415114637 -1.937085502072514
