54
2574.1182554741927 2533.8659627571797 1677.3028447501842 1262.6576298559994
0.1898433150321601 -0.35466577875274613 -0.0006206040655004497 3.569341535777739e-05
-1.5215805303192844 -0.7795287273110387 2.063304378393127 0.552770495412384 0.5009462781081063 24.786684325674486
0.999744425389699 -0.018906474977129283 0.012394720898819139
0.011840003286418842 0.012790306965573305 -0.9998480996480935
0.017220972745326916 -0.999722361566802 -0.01608222251434825
0 2.174956176570269 -1.0282541422475724 0.7079561139816543
1 2.153809332745027 -0.13534319587025379 0.7278521478757737
2 2.132328268702765 0.7594294349290192 0.7443585204943387
3 2.1808354131570824 -1.0163445944951746 -0.18584421682013808
4 2.1599514998359752 -0.12357701754911833 -0.16939418442907198
5 2.1385760603244903 0.7701428878457683 -0.15200430512179977
6 2.1879548018250423 -1.0038799438111183 -1.0831881129857777
7 2.16661266167996 -0.11210651567025431 -1.0648574805846285
8 2.1443946478166342 0.7814494890901434 -1.0474179334367515
9 -0.791979586832866 1.9123458838218639 0.7400410388983013
10 -0.7952034020003768 1.925921859341896 -0.1541401436141672
11 -0.7981051975748519 1.9410572758992575 -1.0478718141421717
12 0.10285724720849769 1.903543995806504 0.7353201294872194
13 0.10122557545623519 1.9175784353368093 -0.1600489775054183
14 0.09237412241904008 1.9315018279192067 -1.0537985552054085
15 0.996911784182485 1.8957287293538847 0.7283698921711251
16 0.9920905018865416 1.9097299485584573 -0.16363836808329102
17 0.9885912360031701 1.9227480084779487 -1.0591946231113614
18 2.0 -0.9 0.9
19 2.0 -0.9 0.9
20 2.0 -0.9 0.9
21 2.0 -0.9 0.9
22 2.0 -0.9 0.9
23 2.0 -0.9 0.9
24 2.0 -0.9 0.9
25 2.0 -0.9 0.9
26 2.0 -0.9 0.9
27 0.9 -0.9 2.0
28 0.0 -0.9 2.0
29 -0.9 -0.9 2.0
30 0.9 0.0 2.0
31 0.0 0.0 2.0
32 -0.9 0.0 2.0
33 0.9 0.9 2.0
34 0.0 0.9 2.0
35 -0.9 0.9 2.0
36 -2.0 0.9 -0.9
37 -2.0 0.9 0.0
38 -2.0 0.9 0.9
39 -2.0 0.0 -0.9
40 -2.0 0.0 0.0
41 -2.0 0.0 0.9
42 -2.0 -0.9 -0.9
43 -2.0 -0.9 0.0
44 -2.0 -0.9 0.9
45 1.140031291656925 -0.9704332268412592 -2.186967769586717
46 1.1073754599833627 -0.0737293000179061 -2.169338337106125
47 1.0691372249797204 0.817139055076956 -2.146686235866231
48 0.24670843011558627 -0.9769337638539961 -2.1949600183180373
49 0.21047144197070028 -0.08433391489464581 -2.173128982017587
50 0.17644836165334563 0.8127515233579194 -2.154270158061876
51 -0.6446718122338534 -0.9826855425907658 -2.202010201722001
52 -0.6848627231535878 -0.08941146629685423 -2.1814390030017172
53 -0.7172379544063117 0.8055627994263854 -2.160900965359529
